par_id	par_vertex	comm_mode	spar_5	spar_6	spar_7	spar_8	power_label
1	1	78	164	164	164	164	3
2	2	4	4	4	4	4	4
3	3	16	179	179	16	16	16
4	4	3	7	7	7	7	6
5	5	5	127	127	127	127	5
6	6	73	6	6	73	73	6
7	7	3	3	3	3	3	26
8	9	126	126	126	126	126	5
9	12	12	70	70	70	0	17
10	74	3	3	3	3	3	3
11	81	3	3	3	3	3	3
12	93	78	78	78	78	78	5
13	99	78	78	78	78	78	5
14	114	126	126	126	126	126	5
15	164	21	87	87	87	87	21
16	1473	78	78	78	78	78	5
17	1723	3	3	3	3	3	22
18	1732	4	4	4	4	4	3
19	1738	4	4	4	4	4	14
20	1753	14	14	14	14	14	4
21	1763	3	7	7	7	7	14
22	1786	73	6	6	73	73	26
23	1807	20	20	20	20	133	20
24	1860	14	14	14	14	14	14
25	2085	106	14	14	14	14	14
26	2115	14	14	14	14	14	14
27	2412	14	14	14	14	14	14
28	2421	20	20	20	20	133	20
29	3379	14	337	14	14	14	3
30	3395	4	4	4	4	4	22
31	3408	4	4	4	4	4	4
32	3416	4	4	4	4	4	15
33	3432	28	0	0	0	0	4
34	3437	4	4	4	4	4	4
35	3453	4	4	4	4	4	4
36	3459	4	4	4	4	4	4
37	3465	14	14	14	14	14	14
38	3475	3	233	233	233	233	7
39	3657	4	4	4	4	4	3
40	3732	4	4	4	4	4	4
41	3734	4	4	4	4	4	4
42	3953	4	4	4	4	4	22
43	4093	4	4	4	4	4	14
44	4155	4	4	4	4	4	4
45	4166	38	0	0	0	0	14
46	4537	14	4	4	4	4	4
47	5035	4	4	4	4	4	4
48	5042	4	4	4	4	4	4
49	5048	4	4	4	4	4	4
50	5051	4	4	4	4	4	4
51	5064	4	4	4	4	4	4
52	5074	16	16	16	16	16	16
53	5085	3	7	7	7	7	7
54	5097	14	208	208	208	208	15
55	5107	14	208	208	208	208	6
56	5117	14	208	208	208	208	15
57	5123	20	20	20	20	133	3
58	5261	4	4	4	4	4	4
59	5272	4	4	4	4	4	4
60	5488	16	179	179	16	16	14
61	5759	4	4	4	4	4	15
62	5827	4	4	4	4	4	4
63	5836	107	4	4	4	4	4
64	6130	14	14	14	14	14	4
65	6533	33	0	0	0	0	14
66	6686	4	4	4	4	4	4
67	6703	4	4	4	4	4	15
68	6714	5	5	5	5	5	6
69	6738	16	16	16	16	16	16
70	6751	4	16	16	16	16	16
71	6758	4	4	4	4	4	4
72	6775	5	4	4	4	4	15
73	6781	5	15	15	15	15	6
74	6808	4	4	4	4	4	4
75	6877	4	4	4	4	4	15
76	6904	4	4	4	4	4	4
77	7173	4	4	4	4	4	4
78	7814	4	4	4	4	4	4
79	8199	16	16	16	16	16	16
80	8335	73	6	6	73	73	3
81	8351	3	233	233	233	233	9
82	8370	14	6	6	6	6	6
83	8391	6	6	6	6	6	6
84	8398	14	6	6	6	6	14
85	8411	14	6	6	6	6	24
86	8425	49	0	0	0	0	24
87	8442	3	3	3	3	3	3
88	8448	74	74	74	74	74	3
89	8469	14	14	14	14	14	24
90	8486	24	24	24	24	24	24
91	8532	3	7	7	7	7	9
92	8876	3	3	3	3	3	3
93	9020	3	7	7	7	7	9
94	9035	74	74	74	74	74	9
95	9106	3	7	7	7	7	9
96	9456	14	14	14	14	14	24
97	9517	14	14	14	14	14	24
98	9793	24	24	24	24	24	24
99	10041	24	24	24	24	24	24
100	10056	14	25	25	14	14	25
101	10071	14	25	25	14	14	25
102	10080	14	14	14	14	14	25
103	10098	73	6	6	73	73	6
104	10109	14	14	14	14	14	7
105	10118	14	14	14	14	14	14
106	10127	14	14	14	14	14	14
107	10135	27	0	0	0	0	14
108	10139	16	16	16	16	16	24
109	10154	3	3	3	3	3	26
110	10161	3	3	3	3	3	7
111	10165	3	7	7	7	7	7
112	10182	20	20	20	20	133	12
113	10197	14	24	24	24	24	14
114	10275	14	24	24	24	24	24
115	10446	14	24	24	24	24	14
116	10644	14	14	14	14	14	14
117	10788	14	14	14	14	14	14
118	10932	60	0	0	0	0	14
119	11071	83	14	14	14	14	14
120	11500	3	7	7	7	7	7
121	11755	14	14	14	14	14	15
122	11762	14	14	14	14	14	15
123	11770	5	15	15	15	15	15
124	11780	15	15	15	15	15	15
125	11788	5	5	5	5	5	5
126	11792	5	5	5	5	5	5
127	11819	78	78	78	78	78	3
128	11826	101	101	101	78	78	5
129	11850	127	127	127	127	127	5
130	12515	78	78	78	78	78	3
131	12559	14	337	208	208	208	3
132	12667	14	337	208	208	208	22
133	13406	5	5	5	5	5	5
134	13415	78	164	164	164	164	15
135	13427	3	3	3	3	3	3
136	13439	3	3	3	3	3	3
137	13446	5	15	15	15	15	26
138	13679	5	5	5	5	5	15
139	13790	73	6	6	73	73	6
140	14052	15	15	15	15	15	15
141	14337	15	15	15	15	156	15
142	14423	4	4	4	4	4	15
143	14533	5	15	15	15	15	15
144	14570	5	15	15	15	15	15
145	15001	5	180	180	180	180	5
146	15019	5	5	5	5	5	5
147	15027	14	208	208	208	208	5
148	15034	5	5	5	5	5	6
149	15114	5	5	5	5	5	5
150	15123	5	5	5	5	5	5
151	15211	5	5	5	5	5	5
152	15288	14	208	208	208	208	5
153	15535	78	164	164	164	164	5
154	15540	3	3	3	3	3	19
155	15695	6	167	167	167	167	3
156	15823	78	164	164	164	164	3
157	16049	3	3	3	3	3	3
158	16595	16	179	179	16	16	16
159	16607	16	16	16	16	16	16
160	16616	16	16	16	16	16	24
161	16638	24	24	24	24	24	24
162	16723	14	6	6	6	6	14
163	16961	14	14	14	14	14	6
164	16988	14	14	14	14	14	14
165	17184	4	275	275	275	275	24
166	17206	14	14	14	14	14	14
167	18191	167	167	167	167	167	6
168	18213	73	6	6	73	73	6
169	18224	14	6	6	6	6	14
170	18230	14	6	6	6	6	6
171	18378	3	7	7	7	7	7
172	18493	167	167	167	167	167	6
173	18731	3	233	233	233	233	6
174	18808	14	15	15	15	156	14
175	18844	14	14	14	14	14	14
176	19052	14	14	14	14	14	14
177	19134	5	5	5	5	5	6
178	19277	167	167	167	167	167	6
179	19576	4	4	4	4	4	6
180	19789	3	3	3	3	3	20
181	19799	11	11	11	11	11	13
182	19810	11	11	11	11	11	3
183	19818	3	3	3	3	3	3
184	19828	112	70	70	70	0	3
185	19856	125	45	45	45	45	2
186	19978	3	3	3	3	3	3
187	19993	12	0	0	0	0	12
188	20076	167	167	167	167	167	6
189	20168	20	133	133	133	133	6
190	20174	14	14	14	14	14	6
191	20379	73	167	167	167	167	11
192	20541	11	11	11	11	11	11
193	20575	13	11	11	11	11	13
194	20790	103	3	3	3	3	11
195	20946	11	11	11	11	11	11
196	20983	11	11	11	11	11	11
197	21193	104	11	11	11	11	2
198	21443	3	7	7	7	7	3
199	21451	3	3	3	3	3	2
200	21458	3	3	3	3	3	3
201	21466	17	17	17	74	74	17
202	21474	17	17	17	74	74	17
203	21492	77	0	0	0	0	21
204	21500	98	88	88	88	88	21
205	21504	117	87	87	87	87	21
206	21515	97	87	87	87	87	10
207	21533	124	70	70	70	10	17
208	21550	5	5	5	5	5	5
209	21568	5	5	5	5	5	5
210	21579	5	15	15	15	15	15
211	21625	37	0	0	0	0	10
212	21659	74	17	17	74	74	17
213	21987	91	0	0	0	0	2
214	22004	15	15	15	15	156	2
215	22017	10	10	10	10	10	10
216	22089	73	73	73	73	73	2
217	22256	44	0	0	0	0	10
218	22410	99	87	87	87	87	10
219	22535	43	0	0	0	0	2
220	22542	5	5	5	5	5	5
221	22661	138	110	110	110	110	2
222	22859	5	5	5	5	5	5
223	23145	5	180	180	180	180	5
224	23152	5	180	180	180	180	5
225	23159	127	127	127	127	127	5
226	23167	126	126	126	126	126	5
227	23212	5	5	5	5	5	15
228	23228	5	180	180	180	180	5
229	23528	5	180	180	180	180	5
230	23639	55	55	55	55	55	5
231	23776	55	55	55	55	55	5
232	23851	55	55	55	55	55	5
233	24085	55	55	55	55	55	5
234	24093	55	180	180	180	180	5
235	24398	55	180	180	180	180	5
236	25031	127	127	127	127	127	5
237	25413	78	78	78	78	78	5
238	25513	78	78	78	78	78	5
239	25547	78	101	101	78	78	5
240	25677	101	101	101	78	78	5
241	26452	137	74	74	74	74	10
242	26459	23	87	87	87	87	23
243	26467	118	87	87	87	87	23
244	26853	36	0	0	0	0	21
245	27826	3	3	3	3	3	3
246	27841	3	3	3	3	3	3
247	27846	3	3	3	3	3	20
248	27857	3	3	3	3	3	20
249	27907	3	3	3	3	3	3
250	27972	3	155	155	155	155	3
251	27999	3	3	3	3	3	3
252	28225	3	3	3	3	3	3
253	28407	3	3	3	3	3	3
254	28478	3	3	3	3	3	3
255	28623	3	3	3	3	3	3
256	28685	3	3	3	3	3	3
257	28869	3	233	233	233	233	3
258	29020	3	3	3	3	3	3
259	29316	3	3	3	3	3	3
260	29448	3	3	3	3	3	3
261	29460	3	3	3	3	3	3
262	29472	151	20	20	20	20	14
263	29544	20	20	20	20	133	20
264	30027	3	3	3	3	3	3
265	30147	3	3	3	3	3	3
266	30363	3	3	3	3	3	6
267	30505	73	6	6	73	73	6
268	30533	3	3	3	3	3	3
269	31307	4	310	310	310	310	24
270	31427	14	14	14	14	14	14
271	31443	14	24	24	24	24	24
272	31509	74	17	17	74	74	17
273	31557	74	74	74	74	74	3
274	31875	74	74	74	74	74	3
275	32016	9	275	275	275	275	9
276	32102	74	74	74	74	74	3
277	1	78	164	164	164	164	3
278	2	4	4	4	4	4	4
279	3	4	16	16	16	16	16
280	5	82	5	5	5	5	5
281	6	6	312	312	312	6	6
282	7	6	6	6	6	6	6
283	9	126	126	126	126	126	5
284	10	14	14	14	14	14	26
285	12	143	70	70	70	10	17
286	80	3	3	3	3	3	3
287	88	78	78	78	78	78	5
288	104	78	126	126	126	126	5
289	163	21	21	21	21	21	21
290	174	126	126	126	126	126	21
291	1200	78	78	78	78	78	5
292	1728	4	4	4	4	4	3
293	1740	4	4	4	4	4	14
294	1745	4	4	4	4	4	4
295	1753	14	14	14	14	14	4
296	1768	14	192	192	192	14	14
297	1777	3	249	249	249	249	3
298	1785	6	312	312	312	6	26
299	1794	14	14	14	14	14	20
300	1801	14	14	14	14	14	14
301	1814	133	133	133	133	133	3
302	1837	3	3	3	3	3	22
303	1972	14	14	14	14	14	14
304	2111	14	14	14	14	14	22
305	2268	14	14	14	14	14	14
306	2321	14	14	14	14	14	14
307	2618	14	14	14	14	14	14
308	2930	14	20	20	20	14	20
309	3376	14	337	208	208	208	3
310	3395	14	337	208	208	208	22
311	3401	4	4	4	4	4	4
312	3417	4	4	4	4	4	4
313	3431	93	6	6	6	6	4
314	3440	4	4	4	4	4	4
315	3444	4	4	4	4	4	4
316	3450	4	4	4	4	4	4
317	3466	14	14	14	14	14	14
318	3478	14	6	6	6	6	20
319	3809	14	14	14	14	14	14
320	4108	4	4	4	4	4	4
321	4175	29	0	0	0	0	14
322	4642	4	4	4	4	4	4
323	4865	14	14	14	14	14	14
324	5033	4	4	4	4	4	4
325	5054	4	4	4	4	4	4
326	5060	4	4	4	4	4	4
327	5070	4	4	4	4	4	16
328	5087	16	179	179	16	16	14
329	5091	14	14	14	14	14	15
330	5105	6	6	6	6	6	15
331	5119	6	6	6	6	6	6
332	5672	4	4	4	4	4	4
333	5951	4	4	4	4	4	4
334	6217	4	4	4	4	4	4
335	6385	14	14	14	14	14	4
336	6693	4	4	4	4	4	4
337	6706	4	4	4	4	4	15
338	6722	6	312	312	312	6	6
339	6736	16	16	16	16	16	16
340	6744	16	16	16	16	16	16
341	6750	4	4	4	4	4	16
342	6757	4	4	4	4	4	4
343	7047	4	4	4	4	4	15
344	7066	4	4	4	4	4	4
345	7269	4	4	4	4	4	4
346	7632	4	4	4	4	4	4
347	7680	4	4	4	4	4	4
348	7903	4	4	4	4	4	4
349	8130	4	4	4	4	4	16
350	8336	3	249	249	249	249	26
351	8346	6	6	6	6	6	14
352	8354	86	249	249	249	249	19
353	8356	86	249	249	249	249	9
354	8367	14	192	192	192	14	19
355	8373	14	192	192	192	14	3
356	8389	14	6	6	6	6	14
357	8420	24	24	24	24	24	24
358	8425	39	0	0	0	0	24
359	8450	74	74	74	74	74	9
360	8462	177	24	24	24	24	9
361	8469	24	24	24	24	24	24
362	8478	14	14	14	14	14	24
363	8484	4	24	24	24	24	24
364	8493	24	24	24	24	24	24
365	8748	74	74	74	74	74	9
366	8918	14	192	192	192	14	14
367	8929	74	74	74	74	74	9
368	8998	74	74	74	74	74	9
369	9498	14	14	14	14	14	24
370	9610	24	24	24	24	24	24
371	10045	24	24	24	24	24	24
372	10056	14	25	25	14	14	25
373	10064	14	24	24	24	24	14
374	10066	14	25	25	14	14	25
375	10077	14	25	25	14	14	25
376	10082	14	25	25	14	14	10
377	10102	6	312	312	312	6	6
378	10109	14	192	192	192	14	7
379	10122	14	14	14	14	14	14
380	10132	14	14	14	14	14	14
381	10139	16	16	16	16	16	24
382	10152	6	26	6	6	6	26
383	10160	3	26	6	6	6	7
384	10181	20	133	133	133	133	20
385	10189	20	133	133	133	133	12
386	10401	14	24	24	24	24	14
387	10522	16	16	16	16	16	16
388	10599	14	14	14	14	14	14
389	10679	14	14	14	14	14	14
390	10775	14	14	14	14	14	14
391	11016	14	14	14	14	14	14
392	11295	14	14	14	14	14	14
393	11754	4	4	4	4	4	4
394	11761	4	4	4	4	4	15
395	11773	5	15	15	15	15	15
396	11776	5	15	15	15	15	15
397	11784	5	5	5	5	5	5
398	11792	5	5	5	5	5	5
399	11798	127	127	127	127	127	5
400	11804	78	164	164	164	164	3
401	11818	101	101	101	78	78	3
402	11825	101	101	101	78	78	5
403	11836	101	101	101	78	78	5
404	12320	127	127	127	127	127	5
405	12438	4	4	4	4	4	15
406	12709	14	208	208	208	208	22
407	12785	14	337	208	208	208	3
408	12907	78	78	78	78	78	3
409	13134	34	0	0	0	0	3
410	13399	5	5	5	5	5	5
411	13410	78	164	164	164	164	5
412	13417	164	164	164	164	164	3
413	13421	6	249	249	249	249	3
414	13431	3	249	249	249	249	3
415	13463	15	15	15	15	15	5
416	13550	6	312	312	312	6	26
417	13597	5	15	15	15	15	26
418	13633	6	164	164	164	249	6
419	13780	6	164	164	164	164	15
420	13843	5	15	15	15	15	6
421	14146	5	15	15	15	15	6
422	14282	4	4	4	4	4	15
423	14531	4	4	4	4	4	15
424	14753	72	0	0	0	0	4
425	15001	5	180	180	180	180	5
426	15011	5	5	5	5	5	5
427	15023	5	5	5	5	5	5
428	15029	5	5	5	5	5	15
429	15041	5	5	5	5	5	6
430	15483	129	110	110	110	110	5
431	15494	78	164	164	164	164	19
432	15746	78	164	164	164	164	3
433	15820	6	164	164	164	249	3
434	15832	3	3	3	3	3	19
435	16593	16	179	179	16	16	16
436	16617	16	16	16	16	16	16
437	16625	16	16	16	16	16	24
438	16640	24	24	24	24	24	24
439	16672	14	14	14	14	14	14
440	16971	14	14	14	14	14	15
441	17219	4	14	14	14	14	14
442	17313	14	14	14	14	14	24
443	17531	16	16	16	16	16	16
444	17757	4	4	4	4	4	16
445	17760	16	16	16	16	16	16
446	18194	14	192	192	192	14	6
447	18203	86	86	86	6	6	6
448	18209	6	26	6	6	6	26
449	18213	86	86	86	86	6	6
450	18221	6	167	167	167	167	6
451	18224	6	6	6	6	6	6
452	18231	14	14	14	14	14	6
453	18269	14	192	192	192	14	7
454	18281	6	6	6	6	6	6
455	18422	14	14	14	14	14	14
456	18488	6	167	167	167	167	7
457	18664	14	24	24	24	24	14
458	18680	6	6	6	6	6	14
459	18984	15	157	157	15	15	6
460	19167	15	15	15	15	15	6
461	19228	4	4	4	4	4	14
462	19472	86	86	86	6	6	6
463	19789	6	6	6	6	6	6
464	19799	11	11	11	11	11	13
465	19810	11	11	11	11	11	2
466	19817	3	3	3	3	3	3
467	19825	112	70	70	70	0	3
468	19849	120	70	70	70	0	2
469	19916	14	6	6	6	6	7
470	19975	6	6	6	6	6	11
471	20119	89	6	6	6	6	6
472	20152	121	45	45	45	45	12
473	20286	6	6	6	6	6	11
474	20337	76	10	10	10	10	11
475	20365	6	6	6	6	6	6
476	20706	66	0	0	0	0	11
477	20833	136	73	73	73	73	11
478	21442	6	86	86	86	6	3
479	21459	10	10	10	10	10	17
480	21467	74	17	74	74	74	17
481	21478	10	10	10	10	10	17
482	21495	5	5	5	5	5	21
483	21501	40	0	0	0	0	21
484	21504	23	87	87	87	87	2
485	21525	10	10	10	10	10	10
486	21552	126	126	126	126	126	5
487	21562	5	5	5	5	5	5
488	21582	5	5	5	5	5	15
489	21587	5	5	5	5	5	2
490	21591	15	15	15	15	15	6
491	21633	32	0	0	0	0	3
492	21704	6	6	6	6	6	2
493	21841	74	17	17	74	74	10
494	22117	10	10	10	10	10	10
495	22171	10	10	10	10	10	10
496	22179	148	0	0	0	0	2
497	22382	31	0	0	0	0	10
498	22468	5	5	5	5	5	2
499	22589	165	87	87	87	87	10
500	23147	127	127	127	127	127	5
501	23158	127	127	127	127	127	5
502	23165	127	127	127	127	127	5
503	23170	126	126	126	126	126	5
504	23177	126	126	126	126	126	5
505	23189	126	126	126	126	126	5
506	23536	55	55	55	55	55	5
507	23574	5	5	5	5	5	5
508	23729	55	55	55	55	55	5
509	23781	5	127	127	127	127	5
510	23800	5	5	5	5	5	5
511	24014	55	180	180	180	180	5
512	24091	55	180	180	180	180	5
513	24152	5	5	5	5	5	5
514	25157	78	78	78	78	78	5
515	25175	127	127	127	127	127	5
516	25215	5	126	126	126	126	5
517	25414	78	78	78	78	78	5
518	25468	5	78	78	78	78	5
519	25552	78	78	78	78	78	5
520	25736	101	101	101	78	78	5
521	26284	10	10	10	10	10	10
522	26427	21	21	21	21	21	21
523	26561	23	87	87	87	87	23
524	26717	21	21	21	21	21	23
525	27825	3	3	3	3	3	3
526	27833	3	3	3	3	3	3
527	27844	14	6	6	6	6	20
528	27860	6	6	6	6	6	20
529	27947	132	11	11	11	11	3
530	27971	112	70	70	70	0	3
531	28060	3	3	3	3	3	3
532	28171	20	20	20	20	133	3
533	28345	3	3	3	3	3	3
534	28458	20	20	20	20	133	3
535	28528	3	3	3	3	3	3
536	28768	3	3	3	3	3	3
537	28833	3	3	3	3	3	3
538	28857	3	233	233	233	233	3
539	29090	3	3	3	3	3	3
540	29427	14	6	6	6	6	14
541	29496	78	78	78	78	78	20
542	29743	6	312	312	312	6	14
543	29805	78	164	164	164	164	3
544	30114	6	312	312	312	6	3
545	30152	3	249	249	249	249	26
546	30534	6	312	312	312	6	3
547	30710	14	192	192	192	14	26
548	30956	12	70	70	70	0	12
549	31290	14	14	14	14	14	25
550	31391	14	24	24	24	24	24
551	31463	74	74	74	74	74	17
552	31686	74	17	17	74	74	3
553	31729	109	14	14	14	14	9
554	31982	74	74	74	74	74	3
555	32032	74	17	17	74	74	3
556	32198	3	86	86	86	3	3
557	32208	74	74	74	74	74	3
